UAV:
	J: 9.773e-3, 0.0, 0.0,   0.0, 9.773e-3, 0.0,   0.0, 0.0, 1.749e-2
	m: 2.3
Control:
	kR: 3.0
	kW: 2.4249
	kI: 1.0
	c2: 1.0
	c_tf: 0.1
	l: 0.225
	f_total: 10
GPS:
	port: "/dev/ttyUSB0"
	baud_rate: 115200
I2C:
	port: "/dev/i2c-1"
	addr0: 41
	addr1: 42
	addr2: 43
	addr3: 44
	calib: -1.054, 31.59, 17.97
WIFI:
	server_ip_addr: "192.168.10.26"
	port: 2200
IMU:
	port: "/dev/ttyTHS2"
	baud_rate: 115200
VICON:
	object: "ZED@192.168.10.1"
CAL:
	R_nv: -4.4027149903e-01, 8.9733544593e-01, 3.0823767198e-02, 8.9776650879e-01, 4.4047154801e-01, 3.3330294801e-04, -1.3277907904e-02, 2.7819289653e-02, -9.9952477923e-01,
	R_mi: 6.4328219772e-01, 7.6556014530e-01, 1.0279981905e-02, 7.6550280321e-01, -6.4336198204e-01, 9.5298653019e-03, 1.3909434599e-02, 1.7389622701e-03, -9.9990174699e-01,
	g_ave: 9.899718
